200.00	3.5356199532544E-6
200.50	9.5000001465451E-7
201.00	9.5000001465451E-7
201.50	8.6919699242571E-6
202.00	9.5000001465451E-7
202.50	4.3128798097314E-6
203.00	5.6755798141239E-6
203.50	9.5000001465451E-7
204.00	9.5000001465451E-7
204.50	1.025360006679E-6
205.00	9.5000001465451E-7
205.50	1.2135000361013E-5
206.00	9.5000001465451E-7
206.50	9.5000001465451E-7
207.00	2.0589500309143E-6
207.50	9.5000001465451E-7
208.00	9.5000001465451E-7
208.50	9.5000001465451E-7
209.00	3.0682299438922E-6
209.50	9.5000001465451E-7
210.00	4.7250000534405E-6
210.50	1.5629999552402E-6
211.00	1.4622700064137E-6
211.50	1.5841800404814E-6
212.00	9.5000001465451E-7
212.50	2.1385098989413E-6
213.00	9.5000001465451E-7
213.50	1.5834999658182E-6
214.00	9.5000001465451E-7
214.50	2.4392600153078E-6
215.00	9.5000001465451E-7
215.50	9.5000001465451E-7
216.00	9.5000001465451E-7
216.50	9.5000001465451E-7
217.00	9.5000001465451E-7
217.50	9.5000001465451E-7
218.00	9.5000001465451E-7
218.50	9.5000001465451E-7
219.00	9.5000001465451E-7
219.50	9.5000001465451E-7
220.00	9.5000001465451E-7
220.50	9.5000001465451E-7
221.00	9.5000001465451E-7
221.50	9.5000001465451E-7
222.00	9.5000001465451E-7
222.50	9.5000001465451E-7
223.00	9.5000001465451E-7
223.50	9.5000001465451E-7
224.00	9.5000001465451E-7
224.50	1.6348500366803E-6
225.00	9.5000001465451E-7
225.50	9.5000001465451E-7
226.00	3.0574299216823E-6
226.50	9.5000001465451E-7
227.00	9.5000001465451E-7
227.50	9.5000001465451E-7
228.00	9.5000001465451E-7
228.50	9.5000001465451E-7
229.00	9.5000001465451E-7
229.50	9.5000001465451E-7
230.00	9.5000001465451E-7
230.50	9.5000001465451E-7
231.00	9.5000001465451E-7
231.50	9.5000001465451E-7
232.00	9.5000001465451E-7
232.50	9.5000001465451E-7
233.00	1.0273599855282E-6
233.50	2.0167499314994E-6
234.00	9.5000001465451E-7
234.50	9.5000001465451E-7
235.00	9.5000001465451E-7
235.50	9.5000001465451E-7
236.00	9.8497503131512E-7
236.50	1.3700199588129E-6
237.00	9.5000001465451E-7
237.50	1.2249699921085E-6
238.00	9.5000001465451E-7
238.50	9.5000001465451E-7
239.00	9.5000001465451E-7
239.50	1.1883399793078E-6
240.00	9.5000001465451E-7
240.50	9.5000001465451E-7
241.00	1.2896699672638E-6
241.50	9.5000001465451E-7
242.00	9.5000001465451E-7
242.50	9.5000001465451E-7
243.00	9.5000001465451E-7
243.50	9.5000001465451E-7
244.00	9.5000001465451E-7
244.50	9.5000001465451E-7
245.00	9.5000001465451E-7
245.50	1.2348899645076E-6
246.00	9.5000001465451E-7
246.50	9.5000001465451E-7
247.00	1.0968800552291E-6
247.50	9.5000001465451E-7
248.00	9.5000001465451E-7
248.50	9.5000001465451E-7
249.00	9.5000001465451E-7
249.50	9.5000001465451E-7
250.00	9.5000001465451E-7
250.50	9.5000001465451E-7
251.00	9.5000001465451E-7
251.50	9.5000001465451E-7
252.00	9.5000001465451E-7
252.50	9.5000001465451E-7
253.00	9.5000001465451E-7
253.50	9.5000001465451E-7
254.00	9.5000001465451E-7
254.50	9.5000001465451E-7
255.00	9.5000001465451E-7
255.50	9.5000001465451E-7
256.00	9.5000001465451E-7
256.50	9.5000001465451E-7
257.00	1.1987300467808E-6
257.50	9.5000001465451E-7
258.00	9.5000001465451E-7
258.50	9.5000001465451E-7
259.00	9.5000001465451E-7
259.50	9.5000001465451E-7
260.00	9.5000001465451E-7
260.50	9.5000001465451E-7
261.00	1.0676900501494E-6
261.50	9.5000001465451E-7
262.00	9.5000001465451E-7
262.50	9.7778297458717E-7
263.00	9.5000001465451E-7
263.50	9.5000001465451E-7
264.00	9.5000001465451E-7
264.50	9.5000001465451E-7
265.00	1.2345999493846E-6
265.50	9.5000001465451E-7
266.00	9.5000001465451E-7
266.50	1.0238800314255E-6
267.00	1.5151299521676E-6
267.50	1.2736400094582E-6
268.00	9.5000001465451E-7
268.50	9.5000001465451E-7
269.00	1.0589400289973E-6
269.50	9.7184704372921E-7
270.00	9.5000001465451E-7
270.50	9.5000001465451E-7
271.00	9.5000001465451E-7
271.50	9.5000001465451E-7
272.00	9.8498799161462E-7
272.50	9.8258203706791E-7
273.00	1.1461800113466E-6
273.50	9.5000001465451E-7
274.00	9.5000001465451E-7
274.50	1.6054699472079E-6
275.00	2.1676501091861E-6
275.50	1.5757400433358E-6
276.00	1.0937300203295E-6
276.50	1.3514900274458E-6
277.00	1.5366499610536E-6
277.50	1.2768699662047E-6
278.00	9.5000001465451E-7
278.50	9.5000001465451E-7
279.00	9.5000001465451E-7
279.50	9.5000001465451E-7
280.00	1.3652399957209E-6
280.50	1.4543900306307E-6
281.00	9.5000001465451E-7
281.50	2.8494700927695E-6
282.00	1.2821200243707E-6
282.50	9.5000001465451E-7
283.00	1.4149100024952E-6
283.50	9.5000001465451E-7
284.00	1.2532899518192E-6
284.50	1.8223699953523E-6
285.00	9.5000001465451E-7
285.50	1.6246799532382E-6
286.00	1.33941000513E-6
286.50	9.5000001465451E-7
287.00	3.1340000532509E-6
287.50	2.8615199880733E-6
288.00	2.0837399006268E-6
288.50	1.6045399888753E-6
289.00	1.7319099470114E-6
289.50	1.0087800319525E-6
290.00	2.5934400582628E-6
290.50	2.5122499209829E-6
291.00	1.0395400522611E-6
291.50	2.3294398943108E-6
292.00	9.5000001465451E-7
292.50	1.6263099951175E-6
293.00	2.3811699065845E-6
293.50	1.9261399302195E-6
294.00	2.3151799268817E-6
294.50	1.8685799432205E-6
295.00	2.4701300844754E-6
295.50	2.7543198939384E-6
296.00	1.6807000520203E-6
296.50	2.0672100617958E-6
297.00	1.2834500466852E-6
297.50	2.7404100819695E-6
298.00	1.7090100072892E-6
298.50	1.1625900242507E-6
299.00	1.1087499842688E-6
299.50	2.1650300823239E-6
300.00	9.5000001465451E-7
300.50	1.3769199540548E-6
301.00	9.5000001465451E-7
301.50	3.8845300878165E-6
302.00	9.5000001465451E-7
302.50	9.5000001465451E-7
303.00	6.4916998780973E-6
303.50	1.7656100226304E-6
304.00	9.5000001465451E-7
304.50	9.5000001465451E-7
305.00	9.5000001465451E-7
305.50	3.0781800433033E-6
306.00	3.2374700822402E-6
306.50	2.2165900190885E-6
307.00	1.4855600056762E-6
307.50	1.8830099861589E-6
308.00	9.5000001465451E-7
308.50	9.5000001465451E-7
309.00	2.0880399915768E-6
309.50	9.5000001465451E-7
310.00	9.5000001465451E-7
310.50	9.5000001465451E-7
311.00	9.5000001465451E-7
311.50	1.0175200486628E-6
312.00	9.5000001465451E-7
312.50	9.5000001465451E-7
313.00	9.5000001465451E-7
313.50	1.929659902089E-6
314.00	1.6185799722734E-6
314.50	9.5000001465451E-7
315.00	9.5000001465451E-7
315.50	1.6853899751368E-6
316.00	9.5000001465451E-7
316.50	9.5000001465451E-7
317.00	9.5000001465451E-7
317.50	9.5000001465451E-7
318.00	1.1038399634344E-6
318.50	9.9761996352754E-7
319.00	9.5000001465451E-7
319.50	9.5000001465451E-7
320.00	9.5000001465451E-7
320.50	1.9242399957875E-6
321.00	9.5000001465451E-7
321.50	1.0317800160919E-6
322.00	9.5000001465451E-7
322.50	9.5000001465451E-7
323.00	9.5000001465451E-7
323.50	9.5000001465451E-7
324.00	9.5000001465451E-7
324.50	9.5000001465451E-7
325.00	9.5621294349257E-7
325.50	2.210110096712E-6
326.00	1.2836900395996E-6
326.50	9.5000001465451E-7
327.00	1.0137399613086E-6
327.50	9.5000001465451E-7
328.00	1.2185399782538E-6
328.50	9.5000001465451E-7
329.00	1.7582799500815E-6
329.50	9.5000001465451E-7
330.00	9.5000001465451E-7
330.50	9.5000001465451E-7
331.00	1.0502300256121E-6
331.50	9.5000001465451E-7
332.00	9.5000001465451E-7
332.50	9.5000001465451E-7
333.00	9.5000001465451E-7
333.50	9.5000001465451E-7
334.00	1.033310013554E-6
334.50	9.5000001465451E-7
335.00	1.0129799647984E-6
335.50	9.5000001465451E-7
336.00	9.5000001465451E-7
336.50	9.5000001465451E-7
337.00	9.5000001465451E-7
337.50	9.5000001465451E-7
338.00	9.5000001465451E-7
338.50	9.5000001465451E-7
339.00	9.5000001465451E-7
339.50	9.5000001465451E-7
340.00	1.5297499658118E-6
340.50	1.4051199741516E-6
341.00	1.2771799902112E-6
341.50	9.5000001465451E-7
342.00	9.5000001465451E-7
342.50	9.5000001465451E-7
343.00	9.5000001465451E-7
343.50	9.5000001465451E-7
344.00	9.5000001465451E-7
344.50	9.5000001465451E-7
345.00	9.5000001465451E-7
345.50	9.5000001465451E-7
346.00	1.2702599860859E-6
346.50	9.5000001465451E-7
347.00	9.5000001465451E-7
347.50	9.5000001465451E-7
348.00	9.5000001465451E-7
348.50	9.5000001465451E-7
349.00	9.5000001465451E-7
349.50	9.5000001465451E-7
350.00	9.5000001465451E-7
350.50	9.5000001465451E-7
351.00	9.5000001465451E-7
351.50	9.5000001465451E-7
352.00	9.5000001465451E-7
352.50	9.5000001465451E-7
353.00	9.5000001465451E-7
353.50	9.5000001465451E-7
354.00	9.5000001465451E-7
354.50	1.273390012102E-6
355.00	9.5000001465451E-7
355.50	1.9253000118624E-6
356.00	1.1902300229849E-6
356.50	1.5275700206985E-6
357.00	1.1405700206524E-6
357.50	9.5000001465451E-7
358.00	9.5000001465451E-7
358.50	9.5000001465451E-7
359.00	9.5000001465451E-7
359.50	9.5000001465451E-7
360.00	9.5000001465451E-7
360.50	1.3676400385521E-6
361.00	9.5000001465451E-7
361.50	9.7443501090311E-7
362.00	9.5000001465451E-7
362.50	9.5000001465451E-7
363.00	9.5000001465451E-7
363.50	1.2825900057578E-6
364.00	9.5000001465451E-7
364.50	9.5000001465451E-7
365.00	9.5000001465451E-7
365.50	9.5000001465451E-7
366.00	9.5000001465451E-7
366.50	9.5000001465451E-7
367.00	9.5000001465451E-7
367.50	1.5314800521082E-6
368.00	9.5000001465451E-7
368.50	9.5000001465451E-7
369.00	9.5000001465451E-7
369.50	1.4104699630479E-6
370.00	1.3558800446845E-6
370.50	9.5000001465451E-7
371.00	9.5000001465451E-7
371.50	9.5000001465451E-7
372.00	1.0006899628934E-6
372.50	9.5000001465451E-7
373.00	9.5000001465451E-7
373.50	9.5000001465451E-7
374.00	9.5000001465451E-7
374.50	9.5000001465451E-7
375.00	9.5000001465451E-7
375.50	9.5000001465451E-7
376.00	9.5000001465451E-7
376.50	9.5000001465451E-7
377.00	9.5000001465451E-7
377.50	9.5000001465451E-7
378.00	9.5000001465451E-7
378.50	9.5000001465451E-7
379.00	9.5000001465451E-7
379.50	9.5000001465451E-7
380.00	9.5000001465451E-7
380.50	9.5000001465451E-7
381.00	9.5000001465451E-7
381.50	9.5000001465451E-7
382.00	9.5000001465451E-7
382.50	9.5000001465451E-7
383.00	9.5000001465451E-7
383.50	9.5000001465451E-7
384.00	9.5000001465451E-7
384.50	9.5000001465451E-7
385.00	9.5000001465451E-7
385.50	9.5000001465451E-7
386.00	9.5000001465451E-7
386.50	9.5000001465451E-7
387.00	9.5000001465451E-7
387.50	9.5000001465451E-7
388.00	9.5000001465451E-7
388.50	9.5000001465451E-7
389.00	9.5000001465451E-7
389.50	9.5000001465451E-7
390.00	9.5000001465451E-7
390.50	9.5000001465451E-7
391.00	9.5000001465451E-7
391.50	9.5000001465451E-7
392.00	9.5000001465451E-7
392.50	9.5000001465451E-7
393.00	9.5000001465451E-7
393.50	9.5000001465451E-7
394.00	9.5000001465451E-7
394.50	9.5000001465451E-7
395.00	9.5000001465451E-7
395.50	9.5000001465451E-7
396.00	9.5000001465451E-7
396.50	9.5000001465451E-7
397.00	9.5000001465451E-7
397.50	9.5000001465451E-7
398.00	9.5000001465451E-7
398.50	9.5000001465451E-7
399.00	9.5000001465451E-7
399.50	9.5000001465451E-7
400.00	9.5000001465451E-7
400.50	2.0184900222375E-6
401.00	1.8674600141821E-6
401.50	3.2112600365508E-6
402.00	5.5808100114518E-6
402.50	5.3528401622316E-6
403.00	3.9656501940044E-6
403.50	1.6090400549729E-6
404.00	9.5000001465451E-7
404.50	9.5000001465451E-7
405.00	9.5000001465451E-7
405.50	9.5000001465451E-7
406.00	9.5000001465451E-7
406.50	9.5000001465451E-7
407.00	9.5000001465451E-7
407.50	9.5000001465451E-7
408.00	9.5000001465451E-7
408.50	9.5000001465451E-7
409.00	9.5000001465451E-7
409.50	9.5000001465451E-7
410.00	9.5000001465451E-7
410.50	9.5000001465451E-7
411.00	9.5000001465451E-7
411.50	9.5000001465451E-7
412.00	9.5000001465451E-7
412.50	9.5000001465451E-7
413.00	9.5000001465451E-7
413.50	9.5000001465451E-7
414.00	9.5000001465451E-7
414.50	9.5000001465451E-7
415.00	9.5000001465451E-7
415.50	9.5000001465451E-7
416.00	9.5000001465451E-7
416.50	9.5000001465451E-7
417.00	9.5000001465451E-7
417.50	9.5000001465451E-7
418.00	9.5000001465451E-7
418.50	9.5000001465451E-7
419.00	9.5000001465451E-7
419.50	9.5000001465451E-7
420.00	9.5000001465451E-7
420.50	9.5000001465451E-7
421.00	9.5000001465451E-7
421.50	9.5000001465451E-7
422.00	9.5000001465451E-7
422.50	9.5000001465451E-7
423.00	9.5000001465451E-7
423.50	9.5000001465451E-7
424.00	9.5000001465451E-7
424.50	9.5000001465451E-7
425.00	9.5000001465451E-7
425.50	9.5000001465451E-7
426.00	9.5000001465451E-7
426.50	9.5000001465451E-7
427.00	9.5000001465451E-7
427.50	9.5000001465451E-7
428.00	9.5000001465451E-7
428.50	9.5000001465451E-7
429.00	9.5000001465451E-7
429.50	9.5000001465451E-7
430.00	9.5000001465451E-7
430.50	9.5000001465451E-7
431.00	9.5000001465451E-7
431.50	9.5000001465451E-7
432.00	9.5000001465451E-7
432.50	9.5000001465451E-7
433.00	9.5000001465451E-7
433.50	9.5000001465451E-7
434.00	9.5000001465451E-7
434.50	9.5000001465451E-7
435.00	9.5000001465451E-7
435.50	9.5000001465451E-7
436.00	9.5000001465451E-7
436.50	9.5000001465451E-7
437.00	9.5000001465451E-7
437.50	9.5000001465451E-7
438.00	9.5000001465451E-7
438.50	9.5000001465451E-7
439.00	9.5000001465451E-7
439.50	9.5000001465451E-7
440.00	9.5000001465451E-7
440.50	9.5000001465451E-7
441.00	9.5000001465451E-7
441.50	9.5000001465451E-7
442.00	9.5000001465451E-7
442.50	9.5000001465451E-7
443.00	9.5000001465451E-7
443.50	9.5000001465451E-7
444.00	9.5000001465451E-7
444.50	9.5000001465451E-7
445.00	9.5000001465451E-7
445.50	9.5000001465451E-7
446.00	9.5000001465451E-7
446.50	9.5000001465451E-7
447.00	9.5000001465451E-7
447.50	9.5000001465451E-7
448.00	9.5000001465451E-7
448.50	9.5000001465451E-7
449.00	9.5000001465451E-7
449.50	9.5000001465451E-7
450.00	9.5000001465451E-7
450.50	9.5000001465451E-7
451.00	9.5000001465451E-7
451.50	9.5000001465451E-7
452.00	9.5000001465451E-7
452.50	9.5000001465451E-7
453.00	9.5000001465451E-7
453.50	9.5000001465451E-7
454.00	9.5000001465451E-7
454.50	9.5000001465451E-7
455.00	9.5000001465451E-7
455.50	9.5000001465451E-7
456.00	9.5000001465451E-7
456.50	9.5000001465451E-7
457.00	9.5000001465451E-7
457.50	9.5000001465451E-7
458.00	9.5000001465451E-7
458.50	9.5000001465451E-7
459.00	9.5000001465451E-7
459.50	9.5000001465451E-7
460.00	9.5000001465451E-7
460.50	9.5000001465451E-7
461.00	9.5000001465451E-7
461.50	9.5000001465451E-7
462.00	1.8413600173517E-6
462.50	2.693419901334E-6
463.00	2.442390041324E-6
463.50	9.5716598025319E-7
464.00	9.5000001465451E-7
464.50	9.5000001465451E-7
465.00	9.5000001465451E-7
465.50	9.5000001465451E-7
466.00	9.5000001465451E-7
466.50	9.5000001465451E-7
467.00	9.5000001465451E-7
467.50	9.5000001465451E-7
468.00	9.5000001465451E-7
468.50	9.5000001465451E-7
469.00	9.5000001465451E-7
469.50	9.5000001465451E-7
470.00	9.5000001465451E-7
470.50	9.5000001465451E-7
471.00	9.5000001465451E-7
471.50	9.5000001465451E-7
472.00	9.5000001465451E-7
472.50	1.2311800219322E-6
473.00	1.9136200535286E-6
473.50	3.4267100090801E-6
474.00	1.0256800123898E-5
474.50	4.2737101466628E-5
475.00	0.00019005899957847
475.50	0.00076191301923245
476.00	0.0044972798787057
476.50	0.042920600622892
477.00	0.23533099889755
477.50	0.58866602182388
478.00	0.86511498689651
478.50	0.95524001121521
479.00	0.95644599199295
479.50	0.95239102840424
480.00	0.94558501243591
480.50	0.94780898094177
481.00	0.95103698968887
481.50	0.94919699430466
482.00	0.94953197240829
482.50	0.95654302835464
483.00	0.96078300476074
483.50	0.96292901039124
484.00	0.96476697921753
484.50	0.96562200784683
485.00	0.95810097455978
485.50	0.95666199922562
486.00	0.95476102828979
486.50	0.9541580080986
487.00	0.96207398176193
487.50	0.95976001024246
488.00	0.96227598190308
488.50	0.95673602819443
489.00	0.9544450044632
489.50	0.95322501659393
490.00	0.95607799291611
490.50	0.96660602092743
491.00	0.96905702352524
491.50	0.96726697683334
492.00	0.96461498737335
492.50	0.96676099300385
493.00	0.96993297338486
493.50	0.97205197811127
494.00	0.9697340130806
494.50	0.96658802032471
495.00	0.97147297859192
495.50	0.97563999891281
496.00	0.97279900312424
496.50	0.97388100624084
497.00	0.97514402866364
497.50	0.96978801488876
498.00	0.96373301744461
498.50	0.93160802125931
499.00	0.77742999792099
499.50	0.44861900806427
500.00	0.038017999380827
500.50	0.018950199708343
501.00	0.002411870053038
501.50	0.00049786199815571
502.00	0.00012629199773073
502.50	3.0615399737144E-5
503.00	1.0415100405226E-5
503.50	3.4892100302386E-6
504.00	2.379619900239E-6
504.50	1.0425100072098E-6
505.00	9.5000001465451E-7
505.50	9.5000001465451E-7
506.00	9.5000001465451E-7
506.50	9.5000001465451E-7
507.00	9.5000001465451E-7
507.50	9.5000001465451E-7
508.00	9.5000001465451E-7
508.50	9.5000001465451E-7
509.00	9.5000001465451E-7
509.50	9.5000001465451E-7
510.00	9.5000001465451E-7
510.50	9.5000001465451E-7
511.00	9.5000001465451E-7
511.50	1.207440050166E-6
512.00	9.5000001465451E-7
512.50	9.5000001465451E-7
513.00	9.5000001465451E-7
513.50	9.5000001465451E-7
514.00	9.5000001465451E-7
514.50	9.5000001465451E-7
515.00	9.5000001465451E-7
515.50	9.5000001465451E-7
516.00	9.5000001465451E-7
516.50	9.5000001465451E-7
517.00	1.5348799706771E-6
517.50	1.1134000033053E-6
518.00	9.5000001465451E-7
518.50	9.5000001465451E-7
519.00	9.5000001465451E-7
519.50	9.5000001465451E-7
520.00	9.5000001465451E-7
520.50	9.5000001465451E-7
521.00	9.5000001465451E-7
521.50	1.026890004141E-6
522.00	9.5000001465451E-7
522.50	9.5000001465451E-7
523.00	9.5000001465451E-7
523.50	9.5000001465451E-7
524.00	9.5000001465451E-7
524.50	9.5000001465451E-7
525.00	9.5000001465451E-7
525.50	9.5000001465451E-7
526.00	9.8700695616571E-7
526.50	9.5000001465451E-7
527.00	9.5000001465451E-7
527.50	9.5000001465451E-7
528.00	9.5000001465451E-7
528.50	9.5000001465451E-7
529.00	9.5000001465451E-7
529.50	9.5000001465451E-7
530.00	9.5000001465451E-7
530.50	9.5000001465451E-7
531.00	9.5000001465451E-7
531.50	9.5000001465451E-7
532.00	1.7821199662649E-6
532.50	1.2231499795234E-6
533.00	1.0143500048798E-6
533.50	1.3532099956137E-6
534.00	1.3193499626141E-6
534.50	1.2885800515505E-6
535.00	2.2082599571149E-6
535.50	1.6653999637128E-6
536.00	2.1355399439926E-6
536.50	1.1495500302772E-6
537.00	1.308409991907E-6
537.50	9.5000001465451E-7
538.00	9.5000001465451E-7
538.50	1.3116200534569E-6
539.00	1.2029499885102E-6
539.50	1.0134899639525E-6
540.00	9.5000001465451E-7
540.50	9.5000001465451E-7
541.00	9.5000001465451E-7
541.50	9.5000001465451E-7
542.00	9.5000001465451E-7
542.50	9.5000001465451E-7
543.00	9.5000001465451E-7
543.50	1.1157600283696E-6
544.00	9.5000001465451E-7
544.50	9.5000001465451E-7
545.00	9.5000001465451E-7
545.50	9.5000001465451E-7
546.00	9.5000001465451E-7
546.50	9.5000001465451E-7
547.00	9.5000001465451E-7
547.50	9.5000001465451E-7
548.00	9.5000001465451E-7
548.50	9.5000001465451E-7
549.00	9.5000001465451E-7
549.50	9.5000001465451E-7
550.00	9.5000001465451E-7
550.50	9.5000001465451E-7
551.00	9.5000001465451E-7
551.50	1.0071299811898E-6
552.00	9.5000001465451E-7
552.50	9.5000001465451E-7
553.00	9.5000001465451E-7
553.50	9.5000001465451E-7
554.00	9.5000001465451E-7
554.50	9.5000001465451E-7
555.00	9.5000001465451E-7
555.50	9.5000001465451E-7
556.00	9.5000001465451E-7
556.50	9.5000001465451E-7
557.00	9.5000001465451E-7
557.50	9.5000001465451E-7
558.00	9.5000001465451E-7
558.50	9.5000001465451E-7
559.00	9.5000001465451E-7
559.50	9.5000001465451E-7
560.00	9.5000001465451E-7
560.50	9.5000001465451E-7
561.00	9.5000001465451E-7
561.50	9.5000001465451E-7
562.00	9.5000001465451E-7
562.50	9.5000001465451E-7
563.00	9.5000001465451E-7
563.50	9.5000001465451E-7
564.00	9.5000001465451E-7
564.50	9.5000001465451E-7
565.00	9.5000001465451E-7
565.50	9.5000001465451E-7
566.00	9.5000001465451E-7
566.50	9.5000001465451E-7
567.00	9.5000001465451E-7
567.50	9.5000001465451E-7
568.00	1.0836599813047E-6
568.50	2.0577699615387E-6
569.00	4.0213999454863E-6
569.50	9.0837302195723E-6
570.00	2.9296499633347E-5
570.50	0.00011643800098682
571.00	0.00041851701098494
571.50	0.0018601400079206
572.00	0.015473700128496
572.50	0.13284200429916
573.00	0.43084800243378
573.50	0.7292760014534
574.00	0.87145298719406
574.50	0.90454298257828
575.00	0.88603401184082
575.50	0.8568069934845
576.00	0.87935101985931
576.50	0.90461999177933
577.00	0.90279102325439
577.50	0.88721400499344
578.00	0.89577502012253
578.50	0.91926497220993
579.00	0.94230902194977
579.50	0.94162100553513
580.00	0.93090802431107
580.50	0.9278609752655
581.00	0.93607902526855
581.50	0.94961398839951
582.00	0.95533001422882
582.50	0.95305401086807
583.00	0.95738798379898
583.50	0.9604520201683
584.00	0.9718279838562
584.50	0.97474199533463
585.00	0.97261500358582
585.50	0.96179002523422
586.00	0.95893400907516
586.50	0.96322697401047
587.00	0.96960997581482
587.50	0.97388899326324
588.00	0.9734680056572
588.50	0.97132301330566
589.00	0.96743297576904
589.50	0.96682399511337
590.00	0.96884799003601
590.50	0.97109001874924
591.00	0.96771901845932
591.50	0.94874197244644
592.00	0.91654098033905
592.50	0.89863699674606
593.00	0.91050100326538
593.50	0.9380099773407
594.00	0.89679598808289
594.50	0.58555001020432
595.00	0.30134400725365
595.50	0.038758900016546
596.00	0.011666400358081
596.50	0.0021300900261849
597.00	0.00049996102461591
597.50	0.0001333859981969
598.00	4.2457300878596E-5
598.50	1.5124100173125E-5
599.00	6.3732800299476E-6
599.50	2.6502400487516E-6
600.00	1.2644600246858E-6
600.50	9.5000001465451E-7
601.00	9.5000001465451E-7
601.50	9.5000001465451E-7
602.00	9.5000001465451E-7
602.50	9.5000001465451E-7
603.00	9.5000001465451E-7
603.50	9.5000001465451E-7
604.00	9.5000001465451E-7
604.50	9.5000001465451E-7
605.00	9.5000001465451E-7
605.50	9.5000001465451E-7
606.00	9.5000001465451E-7
606.50	9.5000001465451E-7
607.00	9.5000001465451E-7
607.50	9.5000001465451E-7
608.00	9.5000001465451E-7
608.50	9.5000001465451E-7
609.00	9.5000001465451E-7
609.50	9.5000001465451E-7
610.00	9.5000001465451E-7
610.50	9.5000001465451E-7
611.00	9.5000001465451E-7
611.50	9.5000001465451E-7
612.00	9.5000001465451E-7
612.50	9.5000001465451E-7
613.00	9.5000001465451E-7
613.50	9.5000001465451E-7
614.00	9.5000001465451E-7
614.50	9.5000001465451E-7
615.00	9.5000001465451E-7
615.50	9.5000001465451E-7
616.00	9.5000001465451E-7
616.50	9.5000001465451E-7
617.00	9.5000001465451E-7
617.50	9.5000001465451E-7
618.00	9.5000001465451E-7
618.50	9.5000001465451E-7
619.00	9.5000001465451E-7
619.50	9.5000001465451E-7
620.00	9.5000001465451E-7
620.50	9.5000001465451E-7
621.00	9.5000001465451E-7
621.50	9.5000001465451E-7
622.00	9.5000001465451E-7
622.50	9.5000001465451E-7
623.00	9.5000001465451E-7
623.50	9.5000001465451E-7
624.00	9.5000001465451E-7
624.50	9.5000001465451E-7
625.00	9.5000001465451E-7
625.50	9.5000001465451E-7
626.00	9.5000001465451E-7
626.50	9.5000001465451E-7
627.00	9.5000001465451E-7
627.50	9.5000001465451E-7
628.00	9.5000001465451E-7
628.50	9.5000001465451E-7
629.00	9.5000001465451E-7
629.50	9.5000001465451E-7
630.00	9.5000001465451E-7
630.50	9.5000001465451E-7
631.00	9.5000001465451E-7
631.50	9.5000001465451E-7
632.00	9.5000001465451E-7
632.50	9.5000001465451E-7
633.00	9.5000001465451E-7
633.50	9.5000001465451E-7
634.00	9.5000001465451E-7
634.50	9.5000001465451E-7
635.00	9.5000001465451E-7
635.50	9.5000001465451E-7
636.00	9.5000001465451E-7
636.50	9.5000001465451E-7
637.00	9.5000001465451E-7
637.50	9.5000001465451E-7
638.00	9.5000001465451E-7
638.50	9.5000001465451E-7
639.00	9.5000001465451E-7
639.50	9.5000001465451E-7
640.00	9.5000001465451E-7
640.50	9.5000001465451E-7
641.00	9.5000001465451E-7
641.50	9.5000001465451E-7
642.00	9.5000001465451E-7
642.50	9.5000001465451E-7
643.00	9.5000001465451E-7
643.50	9.5000001465451E-7
644.00	9.5000001465451E-7
644.50	9.5000001465451E-7
645.00	9.5000001465451E-7
645.50	9.5000001465451E-7
646.00	9.5000001465451E-7
646.50	9.5000001465451E-7
647.00	9.5000001465451E-7
647.50	9.5000001465451E-7
648.00	9.5000001465451E-7
648.50	9.5000001465451E-7
649.00	9.5000001465451E-7
649.50	9.5000001465451E-7
650.00	9.5000001465451E-7
650.50	9.5000001465451E-7
651.00	9.5000001465451E-7
651.50	9.5000001465451E-7
652.00	9.5000001465451E-7
652.50	9.5000001465451E-7
653.00	9.5000001465451E-7
653.50	9.786169812287E-7
654.00	9.5197401606129E-7
654.50	1.00752004073E-6
655.00	9.5000001465451E-7
655.50	9.5000001465451E-7
656.00	9.5000001465451E-7
656.50	9.5000001465451E-7
657.00	9.5000001465451E-7
657.50	9.5000001465451E-7
658.00	9.5000001465451E-7
658.50	9.5000001465451E-7
659.00	9.5000001465451E-7
659.50	9.5000001465451E-7
660.00	9.5000001465451E-7
660.50	9.5000001465451E-7
661.00	9.5000001465451E-7
661.50	9.5000001465451E-7
662.00	9.5000001465451E-7
662.50	9.5000001465451E-7
663.00	9.5000001465451E-7
663.50	9.5000001465451E-7
664.00	9.5000001465451E-7
664.50	9.5000001465451E-7
665.00	9.5000001465451E-7
665.50	9.5000001465451E-7
666.00	9.5000001465451E-7
666.50	9.5000001465451E-7
667.00	9.5000001465451E-7
667.50	9.5000001465451E-7
668.00	9.5000001465451E-7
668.50	9.5000001465451E-7
669.00	9.5000001465451E-7
669.50	9.5000001465451E-7
670.00	9.5000001465451E-7
670.50	9.5000001465451E-7
671.00	9.5000001465451E-7
671.50	9.5000001465451E-7
672.00	9.5000001465451E-7
672.50	9.5000001465451E-7
673.00	9.5000001465451E-7
673.50	9.5000001465451E-7
674.00	9.5000001465451E-7
674.50	9.5000001465451E-7
675.00	9.5000001465451E-7
675.50	1.071389988283E-6
676.00	9.5000001465451E-7
676.50	1.1704800044754E-6
677.00	1.1712400009856E-6
677.50	9.5000001465451E-7
678.00	9.5000001465451E-7
678.50	9.5000001465451E-7
679.00	9.5000001465451E-7
679.50	9.5000001465451E-7
680.00	9.5000001465451E-7
680.50	9.5000001465451E-7
681.00	9.5000001465451E-7
681.50	9.5000001465451E-7
682.00	9.5000001465451E-7
682.50	9.5000001465451E-7
683.00	9.5000001465451E-7
683.50	9.5000001465451E-7
684.00	9.5000001465451E-7
684.50	9.5000001465451E-7
685.00	1.0696099934648E-6
685.50	9.5000001465451E-7
686.00	9.5000001465451E-7
686.50	9.5000001465451E-7
687.00	9.5000001465451E-7
687.50	9.5000001465451E-7
688.00	9.5000001465451E-7
688.50	9.5000001465451E-7
689.00	9.5000001465451E-7
689.50	9.5000001465451E-7
690.00	9.5000001465451E-7
690.50	9.5000001465451E-7
691.00	9.5000001465451E-7
691.50	9.5000001465451E-7
692.00	9.5000001465451E-7
692.50	9.5000001465451E-7
693.00	9.5000001465451E-7
693.50	9.5000001465451E-7
694.00	9.5000001465451E-7
694.50	9.5000001465451E-7
695.00	9.5000001465451E-7
695.50	9.5000001465451E-7
696.00	9.5000001465451E-7
696.50	9.5000001465451E-7
697.00	9.5000001465451E-7
697.50	9.5000001465451E-7
698.00	9.5000001465451E-7
698.50	1.1992400459349E-6
699.00	1.3337399877855E-6
699.50	1.3600999864138E-6
700.00	1.1739000456146E-6
700.50	9.5000001465451E-7
701.00	9.5000001465451E-7
701.50	9.5000001465451E-7
702.00	9.5000001465451E-7
702.50	9.5000001465451E-7
703.00	9.5000001465451E-7
703.50	9.5000001465451E-7
704.00	9.5000001465451E-7
704.50	9.5000001465451E-7
705.00	9.5000001465451E-7
705.50	9.5000001465451E-7
706.00	9.5000001465451E-7
706.50	9.5000001465451E-7
707.00	9.5000001465451E-7
707.50	9.5000001465451E-7
708.00	9.5000001465451E-7
708.50	9.9379303719616E-7
709.00	9.5000001465451E-7
709.50	1.4491799902316E-6
710.00	9.5000001465451E-7
710.50	1.0033500075224E-6
711.00	9.5000001465451E-7
711.50	9.5000001465451E-7
712.00	9.5000001465451E-7
712.50	9.5000001465451E-7
713.00	9.5000001465451E-7
713.50	9.5000001465451E-7
714.00	9.5000001465451E-7
714.50	9.5000001465451E-7
715.00	9.5000001465451E-7
715.50	9.5000001465451E-7
716.00	9.5000001465451E-7
716.50	9.5000001465451E-7
717.00	9.5000001465451E-7
717.50	9.5000001465451E-7
718.00	9.5000001465451E-7
718.50	9.5000001465451E-7
719.00	9.5000001465451E-7
719.50	9.5000001465451E-7
720.00	9.5000001465451E-7
720.50	9.5000001465451E-7
721.00	9.5000001465451E-7
721.50	9.5000001465451E-7
722.00	1.1623900491031E-6
722.50	9.5000001465451E-7
723.00	9.5000001465451E-7
723.50	9.5000001465451E-7
724.00	9.5000001465451E-7
724.50	9.5000001465451E-7
725.00	9.5000001465451E-7
725.50	9.5000001465451E-7
726.00	9.5000001465451E-7
726.50	9.5000001465451E-7
727.00	9.5000001465451E-7
727.50	9.5000001465451E-7
728.00	9.5000001465451E-7
728.50	9.5000001465451E-7
729.00	9.5000001465451E-7
729.50	9.5000001465451E-7
730.00	1.979849912459E-6
730.50	9.5000001465451E-7
731.00	9.5000001465451E-7
731.50	9.5000001465451E-7
732.00	9.5000001465451E-7
732.50	9.5000001465451E-7
733.00	9.5000001465451E-7
733.50	9.5000001465451E-7
734.00	9.5000001465451E-7
734.50	9.5000001465451E-7
735.00	9.5000001465451E-7
735.50	9.5000001465451E-7
736.00	9.5000001465451E-7
736.50	9.5000001465451E-7
737.00	9.5000001465451E-7
737.50	9.5000001465451E-7
738.00	9.5000001465451E-7
738.50	9.5000001465451E-7
739.00	9.5000001465451E-7
739.50	9.5000001465451E-7
740.00	9.5000001465451E-7
740.50	9.5000001465451E-7
741.00	9.5000001465451E-7
741.50	9.5000001465451E-7
742.00	9.5000001465451E-7
742.50	9.5000001465451E-7
743.00	9.5000001465451E-7
743.50	9.5000001465451E-7
744.00	9.5000001465451E-7
744.50	1.269419954042E-6
745.00	9.5000001465451E-7
745.50	9.5000001465451E-7
746.00	9.5000001465451E-7
746.50	9.5000001465451E-7
747.00	9.5000001465451E-7
747.50	9.5000001465451E-7
748.00	9.5000001465451E-7
748.50	9.5000001465451E-7
749.00	9.5000001465451E-7
749.50	9.5000001465451E-7
750.00	9.5000001465451E-7
750.50	9.5000001465451E-7
751.00	9.5000001465451E-7
751.50	9.5000001465451E-7
752.00	9.5000001465451E-7
752.50	9.5000001465451E-7
753.00	9.5000001465451E-7
753.50	9.5000001465451E-7
754.00	1.2509500493252E-6
754.50	1.1490700444483E-6
755.00	1.09601000986E-6
755.50	9.5000001465451E-7
756.00	9.5000001465451E-7
756.50	1.026380004987E-6
757.00	9.5000001465451E-7
757.50	9.5000001465451E-7
758.00	9.5000001465451E-7
758.50	9.5000001465451E-7
759.00	9.5000001465451E-7
759.50	1.3456200349538E-6
760.00	1.0405999546492E-6
760.50	1.4659999578726E-6
761.00	9.5000001465451E-7
761.50	1.9868800791301E-6
762.00	2.1687699245376E-6
762.50	9.5000001465451E-7
763.00	9.5000001465451E-7
763.50	9.5000001465451E-7
764.00	1.2449600035325E-6
764.50	1.6945499510257E-6
765.00	9.5000001465451E-7
765.50	9.5000001465451E-7
766.00	9.5000001465451E-7
766.50	9.5000001465451E-7
767.00	1.137740014201E-6
767.50	9.5000001465451E-7
768.00	9.5000001465451E-7
768.50	9.5000001465451E-7
769.00	9.5000001465451E-7
769.50	9.5000001465451E-7
770.00	9.5000001465451E-7
770.50	9.5000001465451E-7
771.00	1.0185100336457E-6
771.50	9.5000001465451E-7
772.00	9.5000001465451E-7
772.50	9.5000001465451E-7
773.00	9.5000001465451E-7
773.50	1.6492200529683E-6
774.00	9.5000001465451E-7
774.50	9.5000001465451E-7
775.00	9.8758596323023E-7
775.50	9.5000001465451E-7
776.00	9.5000001465451E-7
776.50	9.5000001465451E-7
777.00	9.5000001465451E-7
777.50	9.5000001465451E-7
778.00	9.5000001465451E-7
778.50	9.5000001465451E-7
779.00	9.5000001465451E-7
779.50	9.5000001465451E-7
780.00	9.5000001465451E-7
780.50	9.8388704827812E-7
781.00	9.5000001465451E-7
781.50	9.5000001465451E-7
782.00	9.5000001465451E-7
782.50	9.5000001465451E-7
783.00	9.5000001465451E-7
783.50	9.5000001465451E-7
784.00	9.5000001465451E-7
784.50	2.0721699911519E-6
785.00	9.5000001465451E-7
785.50	9.5000001465451E-7
786.00	2.010159960264E-6
786.50	9.5000001465451E-7
787.00	9.5000001465451E-7
787.50	1.2869500096713E-6
788.00	9.5000001465451E-7
788.50	1.6780800251581E-6
789.00	9.5000001465451E-7
789.50	9.5000001465451E-7
790.00	9.5000001465451E-7
790.50	9.5000001465451E-7
791.00	9.5000001465451E-7
791.50	9.5000001465451E-7
792.00	9.5000001465451E-7
792.50	9.5000001465451E-7
793.00	9.5000001465451E-7
793.50	9.5000001465451E-7
794.00	9.5000001465451E-7
794.50	1.4786800193178E-6
795.00	9.5000001465451E-7
795.50	9.5000001465451E-7
796.00	9.5000001465451E-7
796.50	9.5000001465451E-7
797.00	9.5000001465451E-7
797.50	9.5000001465451E-7
798.00	1.9869798961736E-6
798.50	9.5000001465451E-7
799.00	2.4831899736455E-6
799.50	2.1521200324059E-6
800.00	1.7346600316159E-6
800.50	1.8620900164024E-6
801.00	1.9894100660167E-6
801.50	1.9961000816693E-6
802.00	2.0027800928801E-6
802.50	2.2658400666842E-6
803.00	2.5281899524998E-6
803.50	2.2476599497168E-6
804.00	1.9679000615724E-6
804.50	1.8160200170314E-6
805.00	1.6643200524413E-6
805.50	2.0400600533321E-6
806.00	2.4142800612026E-6
806.50	2.5712499791553E-6
807.00	2.7285000214761E-6
807.50	2.0201900952088E-6
808.00	1.3155299711798E-6
808.50	1.6701800404917E-6
809.00	2.0243201106496E-6
809.50	1.8842799818231E-6
810.00	1.7444000377509E-6
810.50	1.6594899534539E-6
811.00	1.5744600432299E-6
811.50	1.7552299595991E-6
812.00	1.9353099105501E-6
812.50	2.7635001060844E-6
813.00	3.5894399843528E-6
813.50	2.314540097359E-6
814.00	1.0398099448139E-6
814.50	1.82041003427E-6
815.00	2.598540049803E-6
815.50	2.2946101125854E-6
816.00	1.9904400687665E-6
816.50	1.9001900000148E-6
817.00	1.8101500245393E-6
817.50	2.007890088862E-6
818.00	2.2054500732338E-6
818.50	2.4727100935706E-6
819.00	2.7396399673307E-6
819.50	2.4108398974931E-6
820.00	2.0829600089201E-6
820.50	2.0328300252004E-6
821.00	1.9827100459224E-6
821.50	1.6568400269534E-6
822.00	1.3319099707587E-6
822.50	1.8603000171424E-6
823.00	2.3887200768513E-6
823.50	2.7125099677505E-6
824.00	3.0360799883056E-6
824.50	2.4595499326097E-6
825.00	1.8842299596145E-6
825.50	2.1481700969161E-6
826.00	2.4113398922054E-6
826.50	2.2967199129198E-6
827.00	2.1820098936587E-6
827.50	1.9121400782751E-6
828.00	1.6426399724878E-6
828.50	1.8761900264508E-6
829.00	2.1096000182297E-6
829.50	2.2944300326344E-6
830.00	2.4791199848551E-6
830.50	2.0442000732146E-6
831.00	1.6104499991343E-6
831.50	2.124149887095E-6
832.00	2.638040086822E-6
832.50	2.0343900359876E-6
833.00	1.4319799674922E-6
833.50	1.5284599612642E-6
834.00	1.6250199905699E-6
834.50	1.4879600485074E-6
835.00	1.3512800478566E-6
835.50	1.5979200043148E-6
836.00	1.8443499811838E-6
836.50	1.5427599464601E-6
837.00	1.2405499774104E-6
837.50	1.4855900190014E-6
838.00	1.729990003696E-6
838.50	1.653429990256E-6
839.00	1.5768299590491E-6
839.50	1.5342900496762E-6
840.00	1.4918399529051E-6
840.50	1.6387699588449E-6
841.00	1.7858900491774E-6
841.50	1.2818500181311E-6
842.00	9.5000001465451E-7
842.50	1.4235499747883E-6
843.00	2.0681900423369E-6
843.50	1.9007100036106E-6
844.00	1.7329999764115E-6
844.50	1.6942899492278E-6
845.00	1.6556999753448E-6
845.50	1.8516300315241E-6
846.00	2.0474999473663E-6
846.50	1.7739399709171E-6
847.00	1.500670009591E-6
847.50	1.505520003775E-6
848.00	1.5103800024008E-6
848.50	1.4719199725732E-6
849.00	1.4333800208988E-6
849.50	1.4142300415187E-6
850.00	1.3951199662188E-6
850.50	1.5424500361405E-6
851.00	1.6897199657251E-6
851.50	1.6290799749186E-6
852.00	1.56836995302E-6
852.50	1.5959000165822E-6
853.00	1.6233899486906E-6
853.50	1.5865999785092E-6
854.00	1.549729972794E-6
854.50	1.6681100305505E-6
855.00	1.7863100083559E-6
855.50	1.5504300563407E-6
856.00	1.3138600252205E-6
856.50	1.2983499573238E-6
857.00	1.2828800208808E-6
857.50	1.4083000223764E-6
858.00	1.5336399883381E-6
858.50	1.576500039846E-6
859.00	1.6194200043174E-6
859.50	1.7531499452161E-6
860.00	1.8868099687097E-6
860.50	1.308770038122E-6
861.00	9.5000001465451E-7
861.50	9.5000001465451E-7
862.00	1.0584800520519E-6
862.50	1.3524299902201E-6
863.00	1.6466899523948E-6
863.50	1.4731499504705E-6
864.00	1.3000000080865E-6
864.50	1.2658899777307E-6
865.00	1.2316199899942E-6
865.50	1.3438500445773E-6
866.00	1.4556200085281E-6
866.50	1.1727800028893E-6
867.00	9.5000001465451E-7
867.50	1.0693199783418E-6
868.00	1.2494000429797E-6
868.50	1.0704700343922E-6
869.00	9.5000001465451E-7
869.50	9.7929000730801E-7
870.00	1.0671700465537E-6
870.50	1.1233299801461E-6
871.00	1.1796199714809E-6
871.50	1.0985199878633E-6
872.00	1.0173699820371E-6
872.50	1.0919100077444E-6
873.00	1.1663599934764E-6
873.50	9.5000001465451E-7
874.00	9.5000001465451E-7
874.50	9.5000001465451E-7
875.00	9.5000001465451E-7
875.50	9.5000001465451E-7
876.00	9.5000001465451E-7
876.50	9.5000001465451E-7
877.00	9.5000001465451E-7
877.50	9.5000001465451E-7
878.00	9.5000001465451E-7
878.50	9.5000001465451E-7
879.00	9.5000001465451E-7
879.50	9.5000001465451E-7
880.00	9.5000001465451E-7
880.50	9.5000001465451E-7
881.00	9.5000001465451E-7
881.50	9.5000001465451E-7
882.00	9.5000001465451E-7
882.50	9.5000001465451E-7
883.00	1.241109998773E-6
883.50	1.1034200042559E-6
884.00	9.6554697393003E-7
884.50	1.0850600347112E-6
885.00	1.2043300330333E-6
885.50	1.1261899999226E-6
886.00	1.0478900094313E-6
886.50	1.1027300388378E-6
887.00	1.1577400300666E-6
887.50	1.2565900533446E-6
888.00	1.3556999647335E-6
888.50	1.0046600209535E-6
889.00	9.5000001465451E-7
889.50	9.5000001465451E-7
890.00	9.5000001465451E-7
890.50	9.5000001465451E-7
891.00	1.0562099532763E-6
891.50	1.1474400025691E-6
892.00	1.238739969267E-6
892.50	1.0246200190522E-6
893.00	9.5000001465451E-7
893.50	9.5000001465451E-7
894.00	9.5000001465451E-7
894.50	9.5000001465451E-7
895.00	9.9573696843436E-7
895.50	1.1451299997134E-6
896.00	1.2945299658895E-6
896.50	1.0241200243399E-6
897.00	9.5000001465451E-7
897.50	9.5000001465451E-7
898.00	9.5000001465451E-7
898.50	9.5000001465451E-7
899.00	1.1718300356733E-6
899.50	1.0377000307926E-6
900.00	9.5000001465451E-7
900.50	9.7145004929189E-7
901.00	1.0396699963167E-6
901.50	9.5000001465451E-7
902.00	9.5000001465451E-7
902.50	9.5000001465451E-7
903.00	9.5000001465451E-7
903.50	9.5000001465451E-7
904.00	9.5000001465451E-7
904.50	9.5000001465451E-7
905.00	9.5000001465451E-7
905.50	9.5000001465451E-7
906.00	9.5000001465451E-7
906.50	9.5000001465451E-7
907.00	9.5000001465451E-7
907.50	9.5000001465451E-7
908.00	9.5000001465451E-7
908.50	9.5000001465451E-7
909.00	9.5000001465451E-7
909.50	9.5000001465451E-7
910.00	9.5000001465451E-7
910.50	9.5000001465451E-7
911.00	9.5000001465451E-7
911.50	9.5000001465451E-7
912.00	9.5000001465451E-7
912.50	9.5000001465451E-7
913.00	9.5000001465451E-7
913.50	9.5000001465451E-7
914.00	9.5000001465451E-7
914.50	1.0553800393609E-6
915.00	1.2701200375886E-6
915.50	1.0063099580293E-6
916.00	9.5000001465451E-7
916.50	9.5000001465451E-7
917.00	9.5000001465451E-7
917.50	9.5000001465451E-7
918.00	9.5000001465451E-7
918.50	1.0846399618458E-6
919.00	1.2582700037456E-6
919.50	1.0610200433803E-6
920.00	9.5000001465451E-7
920.50	9.5000001465451E-7
921.00	9.5000001465451E-7
921.50	9.5000001465451E-7
922.00	9.5000001465451E-7
922.50	9.5000001465451E-7
923.00	1.045529984367E-6
923.50	9.5000001465451E-7
924.00	9.5000001465451E-7
924.50	9.5000001465451E-7
925.00	9.5000001465451E-7
925.50	9.5000001465451E-7
926.00	9.5000001465451E-7
926.50	9.5000001465451E-7
927.00	9.5000001465451E-7
927.50	9.5000001465451E-7
928.00	9.5000001465451E-7
928.50	9.5000001465451E-7
929.00	9.5000001465451E-7
929.50	9.5000001465451E-7
930.00	9.5000001465451E-7
930.50	9.5000001465451E-7
931.00	9.5000001465451E-7
931.50	9.5000001465451E-7
932.00	1.0938799732685E-6
932.50	1.0873900464503E-6
933.00	1.0809000059453E-6
933.50	1.1936200507989E-6
934.00	1.3067500503894E-6
934.50	1.1254300034125E-6
935.00	9.5000001465451E-7
935.50	9.5000001465451E-7
936.00	9.5000001465451E-7
936.50	9.5000001465451E-7
937.00	9.7553095201874E-7
937.50	9.5000001465451E-7
938.00	9.5000001465451E-7
938.50	9.5000001465451E-7
939.00	9.5000001465451E-7
939.50	9.5000001465451E-7
940.00	9.5000001465451E-7
940.50	9.5000001465451E-7
941.00	9.5000001465451E-7
941.50	9.5000001465451E-7
942.00	1.1230999916734E-6
942.50	9.5000001465451E-7
943.00	9.5000001465451E-7
943.50	9.5000001465451E-7
944.00	9.5000001465451E-7
944.50	9.5000001465451E-7
945.00	9.5000001465451E-7
945.50	9.5000001465451E-7
946.00	9.5000001465451E-7
946.50	9.5000001465451E-7
947.00	9.5000001465451E-7
947.50	9.5000001465451E-7
948.00	9.5000001465451E-7
948.50	9.5000001465451E-7
949.00	9.5000001465451E-7
949.50	9.5000001465451E-7
950.00	9.5000001465451E-7
950.50	9.5000001465451E-7
951.00	9.5096100949377E-7
951.50	1.0572299515843E-6
952.00	1.163670049209E-6
952.50	1.1218299960092E-6
953.00	1.0799800520545E-6
953.50	9.5000001465451E-7
954.00	9.5000001465451E-7
954.50	9.5000001465451E-7
955.00	9.5000001465451E-7
955.50	9.5000001465451E-7
956.00	9.5000001465451E-7
956.50	9.5000001465451E-7
957.00	9.5000001465451E-7
957.50	9.5000001465451E-7
958.00	9.5000001465451E-7
958.50	9.5000001465451E-7
959.00	9.5000001465451E-7
959.50	9.5000001465451E-7
960.00	9.5000001465451E-7
960.50	9.5000001465451E-7
961.00	9.5000001465451E-7
961.50	9.5000001465451E-7
962.00	9.5000001465451E-7
962.50	9.5000001465451E-7
963.00	9.5000001465451E-7
963.50	9.5000001465451E-7
964.00	9.5000001465451E-7
964.50	9.5000001465451E-7
965.00	9.5000001465451E-7
965.50	9.5000001465451E-7
966.00	9.5000001465451E-7
966.50	9.5000001465451E-7
967.00	9.5000001465451E-7
967.50	1.0637099876476E-6
968.00	1.3962500133857E-6
968.50	1.2712699799522E-6
969.00	1.1460499536042E-6
969.50	1.4008700190971E-6
970.00	1.6556399486944E-6
970.50	1.5125799563975E-6
971.00	1.3689000297745E-6
971.50	1.3211299574323E-6
972.00	1.2734200254272E-6
972.50	1.3797000519844E-6
973.00	1.4859699604131E-6
973.50	1.0652499895514E-6
974.00	9.5000001465451E-7
974.50	9.5000001465451E-7
975.00	1.2010200407531E-6
975.50	1.08444999114E-6
976.00	9.6779797331692E-7
976.50	9.5000001465451E-7
977.00	9.5000001465451E-7
977.50	9.5000001465451E-7
978.00	9.5000001465451E-7
978.50	9.5000001465451E-7
979.00	9.5000001465451E-7
979.50	9.5000001465451E-7
980.00	1.0203699503109E-6
980.50	9.5000001465451E-7
981.00	9.5000001465451E-7
981.50	9.5000001465451E-7
982.00	9.5000001465451E-7
982.50	9.5000001465451E-7
983.00	9.5000001465451E-7
983.50	9.5000001465451E-7
984.00	9.5000001465451E-7
984.50	9.5000001465451E-7
985.00	9.5000001465451E-7
985.50	9.5000001465451E-7
986.00	1.095280026675E-6
986.50	9.5000001465451E-7
987.00	9.5000001465451E-7
987.50	9.5000001465451E-7
988.00	9.5000001465451E-7
988.50	9.5000001465451E-7
989.00	9.5000001465451E-7
989.50	9.5000001465451E-7
990.00	9.5000001465451E-7
990.50	9.5000001465451E-7
991.00	9.5000001465451E-7
991.50	9.5000001465451E-7
992.00	9.5000001465451E-7
992.50	9.5000001465451E-7
993.00	9.5000001465451E-7
993.50	9.5000001465451E-7
994.00	9.5000001465451E-7
994.50	9.5000001465451E-7
995.00	9.5000001465451E-7
995.50	9.5000001465451E-7
996.00	9.7061501946882E-7
996.50	9.5000001465451E-7
997.00	9.5000001465451E-7
997.50	9.5000001465451E-7
998.00	1.1246299891354E-6
998.50	1.0234100500384E-6
999.00	9.5000001465451E-7
999.50	1.1217100563954E-6
1000.00	1.3213400507084E-6
1000.50	1.2776199582731E-6
1001.00	1.2339099839664E-6
1001.50	1.3077999483357E-6
1002.00	1.3817100352753E-6
1002.50	1.311800019721E-6
1003.00	1.2417799553077E-6
1003.50	1.4345099543789E-6
1004.00	1.6274999552479E-6
1004.50	1.5467600178454E-6
1005.00	1.4661400200566E-6
1005.50	1.35743005103E-6
1006.00	1.248479975402E-6
1006.50	1.379209948027E-6
1007.00	1.5101099961612E-6
1007.50	1.4759899613637E-6
1008.00	1.4419199487747E-6
1008.50	1.5145000133998E-6
1009.00	1.5871199821049E-6
1009.50	1.6123400428114E-6
1010.00	1.6376300209231E-6
1010.50	1.5470700418518E-6
1011.00	1.4568399819836E-6
1011.50	1.2867000123151E-6
1012.00	1.1160100257257E-6
1012.50	1.1911899946426E-6
1013.00	1.2664700079767E-6
1013.50	1.3295100416144E-6
1014.00	1.3925299526818E-6
1014.50	1.5017800478745E-6
1015.00	1.6109599982883E-6
1015.50	1.4677899571325E-6
1016.00	1.3243800367491E-6
1016.50	1.3862199921277E-6
1017.00	1.4480200434264E-6
1017.50	1.2880300346296E-6
1018.00	1.1279099680905E-6
1018.50	1.3682799817616E-6
1019.00	1.6086700043161E-6
1019.50	1.4459800468103E-6
1020.00	1.283059987145E-6
1020.50	1.3839600114807E-6
1021.00	1.4847499869575E-6
1021.50	1.2844200227846E-6
1022.00	1.084010023078E-6
1022.50	1.1409699709475E-6
1023.00	1.1979800547124E-6
1023.50	1.0972199788739E-6
1024.00	9.9642102213693E-7
1024.50	1.1035300531148E-6
1025.00	1.2107500424463E-6
1025.50	1.2889399840788E-6
1026.00	1.3671000260729E-6
1026.50	1.3656100463777E-6
1027.00	1.3641199529957E-6
1027.50	1.2384299452606E-6
1028.00	1.1125399623779E-6
1028.50	1.0310700417904E-6
1029.00	9.5000001465451E-7
1029.50	9.5000001465451E-7
1030.00	9.5000001465451E-7
1030.50	9.5000001465451E-7
1031.00	1.011350036606E-6
1031.50	1.0440400046718E-6
1032.00	1.076789999388E-6
1032.50	1.1378899671399E-6
1033.00	1.199019948217E-6
1033.50	1.2073800235157E-6
1034.00	1.2157299806859E-6
1034.50	1.3123600410836E-6
1035.00	1.4090200011196E-6
1035.50	1.2260900348338E-6
1036.00	1.0433899433338E-6
1036.50	9.5451196102658E-7
1037.00	9.5000001465451E-7
1037.50	1.012519987853E-6
1038.00	1.1594499937928E-6
1038.50	1.0518200497245E-6
1039.00	9.5000001465451E-7
1039.50	9.6978499186662E-7
1040.00	9.9525902896858E-7
1040.50	9.6186499831674E-7
1041.00	9.5000001465451E-7
1041.50	9.5000001465451E-7
1042.00	9.5000001465451E-7
1042.50	9.5000001465451E-7
1043.00	1.2113999900976E-6
1043.50	1.1918000382138E-6
1044.00	1.1722299859684E-6
1044.50	1.0388399687145E-6
1045.00	9.5000001465451E-7
1045.50	1.2624600458366E-6
1046.00	1.6194200043174E-6
1046.50	1.5719899693067E-6
1047.00	1.524560047983E-6
1047.50	1.4908399634805E-6
1048.00	1.4570199482478E-6
1048.50	1.5299500546462E-6
1049.00	1.6027099718485E-6
1049.50	1.472879944231E-6
1050.00	1.3429900036499E-6
1050.50	1.5684299796703E-6
1051.00	1.7940400312E-6
1051.50	1.6358700349883E-6
1052.00	1.4776099988012E-6
1052.50	1.7396599787389E-6
1053.00	2.0015600057377E-6
1053.50	1.9980700471933E-6
1054.00	1.9945900930907E-6
1054.50	1.9926999357267E-6
1055.00	1.9908100057364E-6
1055.50	1.7871600448416E-6
1056.00	1.5830299844311E-6
1056.50	1.584890014783E-6
1057.00	1.5867400406933E-6
1057.50	1.56366002102E-6
1058.00	1.5405800013468E-6
1058.50	1.5289799648599E-6
1059.00	1.5174000509433E-6
1059.50	1.4964299452913E-6
1060.00	1.4754399444428E-6
1060.50	1.4752099559701E-6
1061.00	1.4749799674973E-6
1061.50	1.4483000541077E-6
1062.00	1.4216300314729E-6
1062.50	1.6424600062237E-6
1063.00	1.8640299686012E-6
1063.50	1.5182299648586E-6
1064.00	1.1733100109268E-6
1064.50	1.4095300002737E-6
1065.00	1.6460800225104E-6
1065.50	1.483560026827E-6
1066.00	1.3211199529906E-6
1066.50	1.5839899560888E-6
1067.00	1.8470899476597E-6
1067.50	1.6624200043225E-6
1068.00	1.4780099490963E-6
1068.50	1.4267300230131E-6
1069.00	1.375379952151E-6
1069.50	1.3641399618791E-6
1070.00	1.352909976049E-6
1070.50	1.4408200286198E-6
1071.00	1.5287599808289E-6
1071.50	1.56256999162E-6
1072.00	1.5963900068527E-6
1072.50	1.5421099988089E-6
1073.00	1.4878099818816E-6
1073.50	1.1883900015164E-6
1074.00	9.5000001465451E-7
1074.50	9.7676502264221E-7
1075.00	1.0642600045685E-6
1075.50	9.5000001465451E-7
1076.00	9.5000001465451E-7
1076.50	9.5000001465451E-7
1077.00	1.0467599622643E-6
1077.50	9.5000001465451E-7
1078.00	9.5000001465451E-7
1078.50	9.5000001465451E-7
1079.00	9.5000001465451E-7
1079.50	9.5000001465451E-7
1080.00	1.1069599850089E-6
1080.50	9.9508895345934E-7
1081.00	9.5000001465451E-7
1081.50	9.5000001465451E-7
1082.00	9.5000001465451E-7
1082.50	9.5000001465451E-7
1083.00	9.5000001465451E-7
1083.50	9.5000001465451E-7
1084.00	9.5000001465451E-7
1084.50	1.0252399533783E-6
1085.00	1.1440399703133E-6
1085.50	1.0533000249779E-6
1086.00	9.6244798442058E-7
1086.50	9.5000001465451E-7
1087.00	9.5000001465451E-7
1087.50	1.0277899491484E-6
1088.00	1.2183299986646E-6
1088.50	1.1984999446213E-6
1089.00	1.1786599998231E-6
1089.50	1.0898600066866E-6
1090.00	1.0011599442805E-6
1090.50	1.0608799811962E-6
1091.00	1.1206600447622E-6
1091.50	9.5000001465451E-7
1092.00	9.5000001465451E-7
1092.50	9.5000001465451E-7
1093.00	1.1122599516966E-6
1093.50	9.5243501618825E-7
1094.00	9.5000001465451E-7
1094.50	1.2301600236242E-6
1095.00	1.6673000118317E-6
1095.50	1.3149400501788E-6
1096.00	9.6239205049642E-7
1096.50	1.1361299812052E-6
1097.00	1.3097700275466E-6
1097.50	1.2461799769881E-6
1098.00	1.1825700312329E-6
1098.50	1.4406200534722E-6
1099.00	1.6986399486996E-6
1099.50	1.6569799754507E-6
1100.00	1.6152599755515E-6
