380.00	0.0011669700033963
381.00	0.001143450033851
382.00	0.0011275099823251
383.00	0.0023369300179183
384.00	0.0058803199790418
385.00	0.0095470296218991
386.00	0.011537799611688
387.00	0.010623900219798
388.00	0.015028799884021
389.00	0.036535698920488
390.00	0.11631199717522
391.00	0.25035598874092
392.00	0.36079800128937
393.00	0.3985790014267
394.00	0.40529999136925
395.00	0.4011589884758
396.00	0.36052200198174
397.00	0.27362099289894
398.00	0.20798900723457
399.00	0.20403599739075
400.00	0.18163999915123
401.00	0.12599700689316
402.00	0.092006899416447
403.00	0.098395101726055
404.00	0.16005499660969
405.00	0.28578200936317
406.00	0.32179600000381
407.00	0.2408429980278
408.00	0.18364100158215
409.00	0.23186199367046
410.00	0.28455200791359
411.00	0.20866000652313
412.00	0.091501198709011
413.00	0.034740101546049
414.00	0.02275950089097
415.00	0.024657599627972
416.00	0.028939800336957
417.00	0.027191799134016
418.00	0.01628839969635
419.00	0.0077907498925924
420.00	0.003551040077582
421.00	0.0024378499947488
422.00	0.0023320799227804
423.00	0.0022801300510764
424.00	0.0031621600501239
425.00	0.0035585600417107
426.00	0.0029512899927795
427.00	0.0021080700680614
428.00	0.00091367599088699
429.00	0.00053915701573715
430.00	0.00032653799280524
431.00	0.00047164599527605
432.00	0.00022365800396074
433.00	0.00050874397857115
434.00	0.00087683298625052
435.00	0.0011462300317362
436.00	0.0010226999875158
437.00	0.00075688998913392
438.00	0.00022407100186683
439.00	0.00012846500612795
440.00	0.00013467299868353
441.00	0.0002178230060963
442.00	0.00023725800565444
443.00	8.9597597252578E-5
444.00	0.00039938901318237
445.00	0.00064473901875317
446.00	0.00036504399031401
447.00	0.00044597400119528
448.00	0.000186252000276
449.00	0.00013346699415706
450.00	0.0001686809991952
451.00	2.5513400032651E-5
452.00	2.7660800697049E-5
453.00	0.00012543199409265
454.00	0.00014952399942558
455.00	0.0002168359933421
456.00	0.0003055970009882
457.00	0.00041214999509975
458.00	0.00031144899548963
459.00	0.00015822499699425
460.00	0.00021136499708518
461.00	7.6749201980419E-5
462.00	0.00027907898765989
463.00	0.00030910098575987
464.00	1.8627399185789E-5
465.00	0.0002260860055685
466.00	0.0002591370139271
467.00	0.00043084198841825
468.00	0.00035146600566804
469.00	0.00051174801774323
470.00	0.00039299300988205
471.00	0.00035664299502969
472.00	0.00044907501433045
473.00	0.0003179429913871
474.00	0.00045910201151855
475.00	0.00017863299581222
476.00	0.00021409000328276
477.00	0.00027449600747786
478.00	0.00025664200074971
479.00	0.00053527299314737
480.00	0.00054705399088562
481.00	0.0005904869758524
482.00	0.00068831100361422
483.00	0.0005139050190337
484.00	0.00070858502294868
485.00	0.00074799597496167
486.00	0.00089366501197219
487.00	0.0011741199996322
488.00	0.0017226999625564
489.00	0.0020879600197077
490.00	0.002776589943096
491.00	0.002439389936626
492.00	0.0020964900031686
493.00	0.0014843799872324
494.00	0.0011349299456924
495.00	0.00094493699725717
496.00	0.00088205799693242
497.00	0.00085836101789027
498.00	0.00083701097173616
499.00	0.0013434500433505
500.00	0.0019714899826795
501.00	0.0031167799606919
502.00	0.0049846600741148
503.00	0.0066622300073504
504.00	0.0066004400141537
505.00	0.0049031898379326
506.00	0.0033688100520521
507.00	0.0023579599801451
508.00	0.0019438000163063
509.00	0.0018043499439955
510.00	0.0021122200414538
511.00	0.0026082301046699
512.00	0.0035303700715303
513.00	0.0061338897794485
514.00	0.013478799723089
515.00	0.022971600294113
516.00	0.024064199998975
517.00	0.014113100245595
518.00	0.0061848601326346
519.00	0.0028491099365056
520.00	0.0017503399867564
521.00	0.0013004200300202
522.00	0.00094504398293793
523.00	0.00081808702088892
524.00	0.00067479501012713
525.00	0.00071944697992876
526.00	0.00081744202179834
527.00	0.00078683299943805
528.00	0.00085297098848969
529.00	0.00099042104557157
530.00	0.0011596600525081
531.00	0.0013870799448341
532.00	0.001706329989247
533.00	0.002223510062322
534.00	0.0030066000763327
535.00	0.0038761200848967
536.00	0.0051657198928297
537.00	0.0070529598742723
538.00	0.0092840502038598
539.00	0.011291599832475
540.00	0.013401200063527
541.00	0.015175100415945
542.00	0.016363499686122
543.00	0.017676299437881
544.00	0.019259199500084
545.00	0.021554699167609
546.00	0.024711800739169
547.00	0.029558500275016
548.00	0.036017701029778
549.00	0.046211499720812
550.00	0.061911500990391
551.00	0.083946198225021
552.00	0.1175649985671
553.00	0.1686429977417
554.00	0.23259900510311
555.00	0.30833199620247
556.00	0.38288199901581
557.00	0.4614090025425
558.00	0.55307900905609
559.00	0.67938697338104
560.00	0.82234501838684
561.00	0.92914199829102
562.00	0.96834200620651
563.00	0.97335302829742
564.00	0.97305101156235
565.00	0.9750069975853
566.00	0.97850298881531
567.00	0.97868001461029
568.00	0.97698700428009
569.00	0.97580301761627
570.00	0.97585099935532
571.00	0.97602099180222
572.00	0.97649097442627
573.00	0.97662502527237
574.00	0.97746801376343
575.00	0.9772589802742
576.00	0.97672498226166
577.00	0.97743600606918
578.00	0.9772589802742
579.00	0.97788298130035
580.00	0.97757601737976
581.00	0.9776200056076
582.00	0.97900301218033
583.00	0.97992098331451
584.00	0.98065400123596
585.00	0.98197597265244
586.00	0.98366302251816
587.00	0.98384302854538
588.00	0.98433297872543
589.00	0.98433101177216
590.00	0.98514801263809
591.00	0.98448902368546
592.00	0.9828240275383
593.00	0.98022598028183
594.00	0.98092502355576
595.00	0.97939300537109
596.00	0.97833400964737
597.00	0.9759150147438
598.00	0.97653198242188
599.00	0.97529399394989
600.00	0.97474598884583
601.00	0.97408002614975
602.00	0.9819610118866
603.00	0.9815080165863
604.00	0.9808070063591
605.00	0.98066800832748
606.00	0.98103898763657
607.00	0.98168301582336
608.00	0.98187202215195
609.00	0.98356997966766
610.00	0.98522597551346
611.00	0.98544901609421
612.00	0.98592102527618
613.00	0.98485600948334
614.00	0.98522502183914
615.00	0.98671102523804
616.00	0.98581600189209
617.00	0.98632198572159
618.00	0.98605501651764
619.00	0.9849140048027
620.00	0.98501098155975
621.00	0.984375
622.00	0.98413199186325
623.00	0.98401302099228
624.00	0.98396301269531
625.00	0.98385101556778
626.00	0.9840059876442
627.00	0.98433297872543
628.00	0.98470902442932
629.00	0.98523300886154
630.00	0.98532199859619
631.00	0.98601597547531
632.00	0.98600399494171
633.00	0.98850399255753
634.00	0.98796600103378
635.00	0.98813599348068
636.00	0.98850297927856
637.00	0.98810297250748
638.00	0.98798602819443
639.00	0.98707401752472
640.00	0.98708599805832
641.00	0.9873920083046
642.00	0.98510301113129
643.00	0.98567897081375
644.00	0.98550099134445
645.00	0.98422902822495
646.00	0.98413997888565
647.00	0.98441600799561
648.00	0.98481100797653
649.00	0.98434299230576
650.00	0.98279798030853
651.00	0.98117899894714
652.00	0.98175501823425
653.00	0.98159497976303
654.00	0.98141700029373
655.00	0.98099100589752
656.00	0.98073697090149
657.00	0.98027002811432
658.00	0.98016399145126
659.00	0.98152697086334
660.00	0.98240298032761
661.00	0.98249799013138
662.00	0.98149102926254
663.00	0.98067200183868
664.00	0.98059499263763
665.00	0.98158097267151
666.00	0.98232501745224
667.00	0.98238897323608
668.00	0.98247897624969
669.00	0.98203402757645
670.00	0.98205298185349
671.00	0.98177701234818
672.00	0.98268300294876
673.00	0.98372900485992
674.00	0.98484098911285
675.00	0.98508900403976
676.00	0.98566800355911
677.00	0.98636800050735
678.00	0.9865620136261
679.00	0.98751902580261
680.00	0.9874079823494
681.00	0.98701399564743
682.00	0.98703998327255
683.00	0.98724102973938
684.00	0.98694497346878
685.00	0.98618602752686
686.00	0.98578298091888
687.00	0.98572200536728
688.00	0.98553198575974
689.00	0.98594599962234
690.00	0.98602497577667
691.00	0.98667198419571
692.00	0.98730498552322
693.00	0.98770302534103
694.00	0.98600500822067
695.00	0.98584997653961
696.00	0.98599201440811
697.00	0.98578399419785
698.00	0.98419499397278
699.00	0.9845780134201
700.00	0.98634898662567
701.00	0.98629301786423
702.00	0.98514699935913
703.00	0.98451900482178
704.00	0.98388600349426
705.00	0.98352301120758
706.00	0.98382097482681
707.00	0.98240202665329
708.00	0.9826620221138
709.00	0.98205202817917
710.00	0.98148399591446
711.00	0.98102498054504
712.00	0.98175901174545
713.00	0.98225700855255
714.00	0.98333501815796
715.00	0.9838240146637
716.00	0.98434299230576
717.00	0.98485100269318
718.00	0.98480498790741
719.00	0.98500901460648
720.00	0.98548799753189
721.00	0.98601400852203
722.00	0.98617202043533
723.00	0.9862499833107
724.00	0.98610401153564
725.00	0.98558801412582
726.00	0.98538702726364
727.00	0.98489099740982
728.00	0.98500400781631
729.00	0.9839900135994
730.00	0.98419201374054
731.00	0.98369401693344
732.00	0.983353972435
733.00	0.98317700624466
734.00	0.98364800214767
735.00	0.98385500907898
736.00	0.98436999320984
737.00	0.98486602306366
738.00	0.98494201898575
739.00	0.98549002408981
740.00	0.98535597324371
741.00	0.98520797491074
742.00	0.98633599281311
743.00	0.98661601543427
744.00	0.98752099275589
745.00	0.98551100492477
746.00	0.98624801635742
747.00	0.98641902208328
748.00	0.98570102453232
749.00	0.98564302921295
750.00	0.98550802469254
751.00	0.98585098981857
752.00	0.98562997579575
753.00	0.98622101545334
754.00	0.9858610033989
755.00	0.98558098077774
756.00	0.98534101247787
757.00	0.98541402816772
758.00	0.98482799530029
759.00	0.98491901159286
760.00	0.98537397384644
761.00	0.98462301492691
762.00	0.98529899120331
763.00	0.98424899578094
764.00	0.98430901765823
765.00	0.98459100723267
766.00	0.98492801189423
767.00	0.98411601781845
768.00	0.98425298929214
769.00	0.98401999473572
770.00	0.98393499851227
771.00	0.98364698886871
772.00	0.98307800292969
773.00	0.98266398906708
774.00	0.98235702514648
775.00	0.98255699872971
776.00	0.98158198595047
777.00	0.98137497901917
778.00	0.98096400499344
779.00	0.9811270236969
780.00	0.98068100214005
781.00	0.98052799701691
782.00	0.98032200336456
783.00	0.97923702001572
784.00	0.97874599695206
785.00	0.97816902399063
786.00	0.97785001993179
787.00	0.97734999656677
788.00	0.97712802886963
789.00	0.97667199373245
790.00	0.97629499435425
791.00	0.97694599628448
792.00	0.97721600532532
793.00	0.97829300165176
794.00	0.97850298881531
795.00	0.97991198301315
796.00	0.98018902540207
797.00	0.98066902160645
798.00	0.97967499494553
799.00	0.97999399900436
800.00	0.98024702072144
801.00	0.97984600067139
802.00	0.97841501235962
803.00	0.97698301076889
804.00	0.97600698471069
805.00	0.97300100326538
806.00	0.96986997127533
807.00	0.96648001670837
808.00	0.96216601133347
809.00	0.95830500125885
810.00	0.95304197072983
811.00	0.94912302494049
812.00	0.94394099712372
813.00	0.94037801027298
814.00	0.93688499927521
815.00	0.93348699808121
816.00	0.93160098791122
817.00	0.93110597133636
818.00	0.93183398246765
819.00	0.93221998214722
820.00	0.93340998888016
821.00	0.93573498725891
822.00	0.93786597251892
823.00	0.93875598907471
824.00	0.94130498170853
825.00	0.94174200296402
826.00	0.94088101387024
827.00	0.93927097320557
828.00	0.93503099679947
829.00	0.92854601144791
830.00	0.92004102468491
831.00	0.90893399715424
832.00	0.89518702030182
833.00	0.88065898418427
834.00	0.86308497190475
835.00	0.84508502483368
836.00	0.82673299312592
837.00	0.80887001752853
838.00	0.78964298963547
839.00	0.7713919878006
840.00	0.75254201889038
841.00	0.73494499921799
842.00	0.71909701824188
843.00	0.70408999919891
844.00	0.69112402200699
845.00	0.67890602350235
846.00	0.66820400953293
847.00	0.66187900304794
848.00	0.6567770242691
849.00	0.65510898828506
850.00	0.65676802396774
